drive
     en 

edit
    cs en th 

drive
     no

part               th      55
    cu th er yu 78 56 34 rt 
    th    gv at cu th or or or gen at chinese girl one
       or 
       gr
         gr ger
         er
           ger
              ger 

of
  haqwi what 82387 cycle 82789 number 7892 cycle number 78902 theory code 87 and 90 c . starting with 97802 looking at  789078902 seeing 9807 for 92870e the90782 part 9780 87029 780 82708702 98 892iooi2 nio nopi2n oip noipn oi

of ha
  gz 98ha 237 007 direct by th 9 th 7 not 92 98 or 72789 but by doing 8792 we 89702 this is a 7890 but there7890278 90 789027 89027 8907 89029 780 98072 9780 92780 897029 870 98702 9870 870 

ha
  ha  8p9289737 89 2798 97829 87 8972 98702 7890 78902 7890 78902 89072 8970 987029 78082 7 

info 9 987203 789 7892 7892 8970 97802 97802 8970 98702 89702 8970 78902 89702 9870 89072 98702 98702 98079 80729 8709 80729 80792 8

ha
  damage 289 7892789 7892 789 29780 79802 7890 78902 789029 870 897029 8072 8909 8
of
  coin 828938 97 2789 89702 8970 9802 8902 890 9802 980 98029 8ih2 n in i2n i2n iopn oi2no in oi
of

of
  ha 982 897 7892 8970 8907298 07 89720 89702 9780 97802 89702 9807 89702 98072 8970 897029 870 92807 987029 8079 8079 802 808

onion 89 23879 78923 7892 78989 70289 70 89720 78902 7890 97802 98072 9780 98702 9807 9082 89072 8907 89072 980729 809 8020
yu    

ha 89 8792 3789 8792 897 89702 78902 8970 897023 7890 892703 78902 8793 789023 89748 79023789 4789 02389 74 8970234 9870 890723809 
=n 892687867 2967 89278 697 68927 689278 698796 28679 28679  769287 6927 697 96297 697 6972 97 627 697 6927 6979 6279 979

ha  =n    ni yu 23 789 7928 7892 7898 790289 70289 70 89072890 798 028 92
  un  823 7887923 un=897 87902 78902 7890 9780289 70298 7 8282

jessica 92978790 820 978 79802 79802 7980 790829 7082970 8970 82970 8970 289708 290 7890 872 908729 087
        89729 27987982 7890 89702 78902 9780 97802 79802 7890 97802 978029 780 97802 97802 9807 980
        they   un       in  78 82779 0270 98 29780 79082 7980 79802 7980298 079 78029 7802 80780 
   e        ih   8928929  98 
     89 89 89   8       89   
     87
ha 

ha
  jessica
ha        think 892 8989289879279827980 97802 7890 79802 7980 78902 8970289 709 7802 9870 98270 98702 9870 98702 9807 9820 

think 98832 7892 9878972 798029 078 97802 89702 8970 89702 89702 9780 89702 78902 8970 7890287900
      in genesis 289899702 89072 8790 78902 79082 9780 97802 7908 297809 07829 7809 78029 078290 87980 
                1:1
                1:2 

ine 8928 892 89 9898 89
   in 89 2 899829829 89 82 8
     in 89289982 98289  89289 89 289 289 89 2

in
  828989 2 982 98 982 892 89 892 892 8989 28 92 8989 2878923 7894 79823 789 897023 897 897023 489 9870239 87098 7028 09 023
in
  process892 897 7892 98 92809 8072 9870 97802 98072 9807 98072 9807 980729 8072 98079 8072 98079 8072 98079 807290 8790 8

jessica 8in 828789 7982 9782 897 9872 97802 7980 78902 8907 089728 79028 709 8790 87098 709

jessica parker 2778928970 289 709 8072897 0 897027 890 78902 79082 9078 89072 9087 98072 98709 80729 80729 8079 807290 879 8029 8
simpson

hi
  display 89723 8797892 789 89720 8972 897 89702 89079 8207

hi          6667 :h0 :h123
 @localhost
h
 334 :40    xirt 818 8791 897 1897 89701 8907 78901 89071 9780 97801 89071 8970 897098 

green       cities 287  892 7892 7890 87902 78902 7890 97802 78909 2807 908729 807 89072 980729 80790 820 890 8290 829 09 09
un                 28892897 978 0289 70 89072 89072 890798 70298 0798 07239 8098 023980 29803 980 23980 90 8290 890 209 2020
   2021
       2022
           2023
               2024
                   2024
