jessica parker 2778928970 289 709 8072897 0 897027 890 78902 79082 9078 89072 9087 98072 98709 80729 80729 8079 807290 879 8029 8
simpson

hi
  display 89723 8797892 789 89720 8972 897 89702 89079 8207

hi          6667 :h0 :h123
 @localhost
h
 334 :40    xirt 818 8791 897 1897 89701 8907 78901 89071 9780 97801 89071 8970 897098 

green       cities 287  892 7892 7890 87902 78902 7890 97802 78909 2807 908729 807 89072 980729 80790 820 890 8290 829 09 09
un                 28892897 978 0289 70 89072 89072 890798 70298 0798 07239 8098 023980 29803 980 23980 90 8290 890 209 2020
   2021
       2022
           2023
               2024
                   2024
