planetietueguhgma i89727892 7890 78902 87902 8970 87902 8790 89720 89702 8970 89702 9870 92870 89702 89709 87029 8070

cover 8928977892 7890 97802 89702 7890 89702 897028 79089 702789 07 908290 78290 7890 879 78029 80798 
ahg
ha
ha pletie 9iehiuoth io 982879 7892 789 92
ha
ha oil 8982 789 7892 89702 8970 98702 89702 8970 98702 89702 8907 89702 8907 9289829 oi 2
ah
ha
ha
aha you 82 897 782 8970 97802 78902 9780 89702 8970 29870 98072 9870 98702 980729 8709 82
ha
h
ah
ah  ha 892879 2789 7892 97082 7908 89702 9780 78902 89702 8907
aha
ha
ha
ha beginning 9823897892 978 8972 9870 98720 89702 9870 98702 98702 98709 87028 9709 82709 8702 897098 0729 8079 802
ha
aha
ha is begingining 8237792 798 972 9780 28970 89702 87908 9720897 029 78098 702 7890289 70 89072 98702 98709 87029 8708 
ha
aha
h
ha  etherium 238 892 789 78929872 987 8972 98702 8907 89702 8907 89072 89072 9807 89072 9807 92807 98072 8907 89028 9089 2i op i2
      gas  23898972 789 7902 7982 789 7892 97802 9780 97802 9870 29870 98702 8907 98270 89702 8970 98702 890729 8709 8029 8

eght 
aEht 
aEht a
ETH  8289982 892 7898792 8970 87902 78902 7890 78902 97802 8907 89702 8970 28970 89702 8907 89023 


ether9823 8 782 792 79 792 790 2790 89702 9780 97802 97802 8970 8970289 7089 270 8970298 709780 2 983789 2
