co 287379  972 972 970 9702 79809 2780 987029 8079 802790 87290 8098 9

h
ha
ha
  ha
    h 234 p89 82 982 899 829 829 89 29 29 92  92 92 9 922 i  

    chocobo oo eo neo  oeo neo eo eo o eo eo eo eo nieoi onie 92 89389298298289 89 29 829 829 892 8 9829 829 89 29 29  929 29 9 2222oo2ooo2
    neo           ride 982 3 89 892 982 989 8298 298 29 898 298 9 8928 9 82 9829 83 9829 829 8239 8 982 89239 839 8239 8239 89 828 928992299
       929292989829    293 89239 82 98 9283 98239 8239 8239 82 989 829 823 98329 8329 8329 8329 89 8239 8329 8329 8329 8329 83298 239 89 82
       9823 892389     238 892389  89239 823 89239 823 8932 8923 892398 2398 9 8329 8329 8239 8289 23 89239 823 982389  8923 98239 8239823 9
       9723982939 9    2939238923989283982398 23982398 2398 2398 239 82398 932 898 3298 3298 2398329832983298 32989328923898329832982389289
